# ICODE=211, JCODE=-321
# Normalized GAUSSIAN BF, SIGMA_GAUSS=0.3
# NSAMPLE=50000000, Tblast=100, UPERPblast(x,y)=(0.75,0.75)
# BARYON_FUDGE=0.75
# ------- normalization=0.0267153 -----------------
#dely    BF
0.050 0.028312 0.000027
0.150 0.028416 0.000027
0.250 0.028474 0.000028
0.350 0.028444 0.000030
0.450 0.027538 0.000030
0.550 0.025849 0.000030
0.650 0.023446 0.000030
0.750 0.021094 0.000029
0.850 0.017443 0.000027
0.950 0.013874 0.000024
1.050 0.009974 0.000019
1.150 0.006940 0.000016
1.250 0.004145 0.000011
1.350 0.002101 0.000007
1.450 0.000872 0.000004
1.550 0.000206 0.000001
1.650 0.000023 0.000000
1.750 0.000001 0.000000
