# ICODE=211, JCODE=-321
# Normalized GAUSSIAN BF, SIGMA_GAUSS=0.3
# NSAMPLE=50000000, Tblast=100, UPERPblast(x,y)=(0.75,0.75)
# BARYON_FUDGE=0.75
# ------- normalization=0.0103214 -----------------
#dely    BF
0.050 0.026221 0.000025
0.150 0.024948 0.000024
0.250 0.022062 0.000022
0.350 0.018776 0.000019
0.450 0.014564 0.000016
0.550 0.010108 0.000012
0.650 0.005865 0.000007
0.750 0.002209 0.000003
0.850 -0.000827 -0.000001
0.950 -0.003270 -0.000006
1.050 -0.004108 -0.000008
1.150 -0.004699 -0.000011
1.250 -0.003664 -0.000010
1.350 -0.002627 -0.000009
1.450 -0.001622 -0.000007
1.550 -0.000598 -0.000004
1.650 -0.000123 -0.000002
1.750 -0.000003 -0.000000
