# ICODE=2212, JCODE=-2212
# Normalized GAUSSIAN BF, SIGMA_GAUSS=0.3
# NSAMPLE=50000000, Tblast=100, UPERPblast(x,y)=(0.75,0.75)
# BARYON_FUDGE=0.75
# ------- normalization=0.204637 -----------------
#dely    BF
0.050 0.488713 0.003429
0.150 0.455240 0.003267
0.250 0.384498 0.002872
0.350 0.293668 0.002343
0.450 0.208433 0.001808
0.550 0.133541 0.001277
0.650 0.075433 0.000797
0.750 0.036679 0.000442
0.850 0.005858 0.000082
0.950 -0.005974 -0.000099
1.050 -0.012047 -0.000246
1.150 -0.009642 -0.000251
1.250 -0.005401 -0.000205
1.350 -0.002139 -0.000120
1.450 -0.000430 -0.000050
1.550 -0.000059 -0.000019
1.650 0.000000 0.000000
1.750 0.000000 0.000000
