# ICODE=211, JCODE=-211
# Normalized GAUSSIAN BF, SIGMA_GAUSS=0.3
# NSAMPLE=50000000, Tblast=100, UPERPblast(x,y)=(0.75,0.75)
# BARYON_FUDGE=0.75
# ------- normalization=0.275653 -----------------
#dely    BF
0.050 0.443642 0.000171
0.150 0.412662 0.000164
0.250 0.373480 0.000155
0.350 0.331732 0.000144
0.450 0.286497 0.000131
0.550 0.240939 0.000117
0.650 0.194961 0.000101
0.750 0.153144 0.000086
0.850 0.115176 0.000070
0.950 0.082585 0.000056
1.050 0.056654 0.000042
1.150 0.034712 0.000029
1.250 0.019236 0.000019
1.350 0.008802 0.000010
1.450 0.003020 0.000004
1.550 -0.000036 -0.000000
1.650 -0.000547 -0.000002
1.750 -0.000127 -0.000001
