# ICODE=0, JCODE=0
# Normalized GAUSSIAN BF, SIGMA_GAUSS=0.3
# NSAMPLE=50000000, Tblast=100, UPERPblast(x,y)=(0.75,0.75)
# BARYON_FUDGE=0.75
# ------- normalization=0.265338 -----------------
#dely    BF
0.050 0.148355 0.000048
0.150 0.151784 0.000051
0.250 0.163171 0.000057
0.350 0.182613 0.000066
0.450 0.204978 0.000078
0.550 0.220537 0.000089
0.650 0.230433 0.000099
0.750 0.230769 0.000106
0.850 0.223754 0.000111
0.950 0.205642 0.000111
1.050 0.182739 0.000108
1.150 0.154567 0.000102
1.250 0.125037 0.000092
1.350 0.093602 0.000079
1.450 0.066033 0.000066
1.550 0.041376 0.000050
1.650 0.021832 0.000035
1.750 0.006153 0.000018
