# ICODE=211, JCODE=-211
# Normalized GAUSSIAN BF, SIGMA_GAUSS=0.3
# NSAMPLE=50000000, Tblast=100, UPERPblast(x,y)=(0.75,0.75)
# BARYON_FUDGE=0.75
# ------- normalization=0.270213 -----------------
#dely    BF
0.050 0.215758 0.000083
0.150 0.214055 0.000085
0.250 0.213541 0.000088
0.350 0.222453 0.000097
0.450 0.228403 0.000104
0.550 0.232594 0.000113
0.650 0.230988 0.000120
0.750 0.220306 0.000124
0.850 0.206100 0.000126
0.950 0.183409 0.000123
1.050 0.156328 0.000117
1.150 0.127541 0.000108
1.250 0.099637 0.000096
1.350 0.070623 0.000081
1.450 0.046999 0.000066
1.550 0.024662 0.000046
1.650 0.008053 0.000024
1.750 0.000678 0.000006
