# ICODE=321, JCODE=-321
# Normalized GAUSSIAN BF, SIGMA_GAUSS=0.3
# NSAMPLE=50000000, Tblast=100, UPERPblast(x,y)=(0.75,0.75)
# BARYON_FUDGE=0.75
# ------- normalization=0.134914 -----------------
#dely    BF
0.050 0.261823 0.000594
0.150 0.238350 0.000556
0.250 0.203561 0.000494
0.350 0.162457 0.000416
0.450 0.122960 0.000335
0.550 0.093766 0.000275
0.650 0.068809 0.000220
0.750 0.051487 0.000181
0.850 0.041401 0.000163
0.950 0.033129 0.000149
1.050 0.026647 0.000139
1.150 0.019698 0.000124
1.250 0.013577 0.000108
1.350 0.007517 0.000079
1.450 0.003153 0.000047
1.550 0.000786 0.000020
1.650 0.000022 0.000001
1.750 0.000000 0.000000
