# ICODE=2212, JCODE=-2212
# Normalized GAUSSIAN BF, SIGMA_GAUSS=0.3
# NSAMPLE=50000000, Tblast=100, UPERPblast(x,y)=(0.75,0.75)
# BARYON_FUDGE=0.75
# ------- normalization=0.200364 -----------------
#dely    BF
0.050 0.438140 0.003074
0.150 0.403764 0.002898
0.250 0.327251 0.002445
0.350 0.238338 0.001902
0.450 0.168893 0.001465
0.550 0.114972 0.001099
0.650 0.079708 0.000842
0.750 0.062249 0.000750
0.850 0.048350 0.000677
0.950 0.044457 0.000738
1.050 0.034646 0.000707
1.150 0.024351 0.000635
1.250 0.011788 0.000446
1.350 0.005551 0.000312
1.450 0.001012 0.000117
1.550 0.000171 0.000054
1.650 0.000000 0.000000
1.750 0.000000 0.000000
