# ICODE=321, JCODE=-321
# Normalized GAUSSIAN BF, SIGMA_GAUSS=0.3
# NSAMPLE=50000000, Tblast=100, UPERPblast(x,y)=(0.75,0.75)
# BARYON_FUDGE=0.75
# ------- normalization=0.0349757 -----------------
#dely    BF
0.050 -0.008718 -0.000020
0.150 0.000803 0.000002
0.250 0.014941 0.000036
0.350 0.029928 0.000077
0.450 0.044064 0.000120
0.550 0.049234 0.000145
0.650 0.051951 0.000166
0.750 0.048744 0.000172
0.850 0.041685 0.000164
0.950 0.032084 0.000144
1.050 0.021996 0.000115
1.150 0.013167 0.000083
1.250 0.006630 0.000053
1.350 0.002497 0.000026
1.450 0.000615 0.000009
1.550 0.000121 0.000003
1.650 0.000014 0.000001
1.750 0.000000 0.000000
