# ICODE=211, JCODE=-211
# Normalized GAUSSIAN BF, SIGMA_GAUSS=0.3
# NSAMPLE=50000000, Tblast=100, UPERPblast(x,y)=(0.75,0.75)
# BARYON_FUDGE=0.75
# ------- normalization=0.326992 -----------------
#dely    BF
0.050 0.603440 0.000233
0.150 0.552103 0.000220
0.250 0.484740 0.000201
0.350 0.407012 0.000177
0.450 0.328583 0.000150
0.550 0.253597 0.000123
0.650 0.187464 0.000097
0.750 0.135460 0.000076
0.850 0.094535 0.000058
0.950 0.066001 0.000044
1.050 0.046500 0.000035
1.150 0.034322 0.000029
1.250 0.026021 0.000025
1.350 0.020665 0.000024
1.450 0.015120 0.000021
1.550 0.009823 0.000018
1.650 0.004090 0.000012
1.750 0.000447 0.000004
