# ICODE=321, JCODE=-321
# Normalized GAUSSIAN BF, SIGMA_GAUSS=0.3
# NSAMPLE=50000000, Tblast=100, UPERPblast(x,y)=(0.75,0.75)
# BARYON_FUDGE=0.75
# ------- normalization=0.212815 -----------------
#dely    BF
0.050 0.243881 0.000554
0.150 0.239969 0.000559
0.250 0.236148 0.000573
0.350 0.228849 0.000586
0.450 0.222003 0.000605
0.550 0.206616 0.000607
0.650 0.186760 0.000596
0.750 0.163245 0.000575
0.850 0.134058 0.000527
0.950 0.103939 0.000466
1.050 0.073926 0.000387
1.150 0.047381 0.000297
1.250 0.025604 0.000203
1.350 0.011697 0.000122
1.450 0.003471 0.000052
1.550 0.000598 0.000015
1.650 0.000009 0.000001
1.750 0.000000 0.000000
