# ICODE=2212, JCODE=-2212
# Normalized GAUSSIAN BF, SIGMA_GAUSS=0.3
# NSAMPLE=50000000, Tblast=100, UPERPblast(x,y)=(0.75,0.75)
# BARYON_FUDGE=0.75
# ------- normalization=0.201911 -----------------
#dely    BF
0.050 0.277395 0.001946
0.150 0.273165 0.001960
0.250 0.261999 0.001957
0.350 0.238215 0.001901
0.450 0.220124 0.001909
0.550 0.192351 0.001839
0.650 0.164434 0.001737
0.750 0.132188 0.001593
0.850 0.099106 0.001388
0.950 0.070024 0.001163
1.050 0.045481 0.000928
1.150 0.027933 0.000729
1.250 0.011787 0.000446
1.350 0.004197 0.000236
1.450 0.000684 0.000079
1.550 0.000032 0.000010
1.650 0.000000 0.000000
1.750 0.000000 0.000000
