# ICODE=211, JCODE=-211
# Normalized GAUSSIAN BF, SIGMA_GAUSS=0.3
# NSAMPLE=50000000, Tblast=100, UPERPblast(x,y)=(0.75,0.75)
# BARYON_FUDGE=0.75
# ------- normalization=0.223072 -----------------
#dely    BF
0.050 0.449849 0.000174
0.150 0.412568 0.000164
0.250 0.364425 0.000151
0.350 0.309321 0.000134
0.450 0.251180 0.000115
0.550 0.193715 0.000094
0.650 0.138480 0.000072
0.750 0.092781 0.000052
0.850 0.052765 0.000032
0.950 0.024317 0.000016
1.050 0.004635 0.000003
1.150 -0.008823 -0.000007
1.250 -0.014900 -0.000014
1.350 -0.015318 -0.000017
1.450 -0.012646 -0.000018
1.550 -0.008071 -0.000015
1.650 -0.003261 -0.000010
1.750 -0.000299 -0.000003
