# ICODE=2212, JCODE=-2212
# Normalized GAUSSIAN BF, SIGMA_GAUSS=0.3
# NSAMPLE=50000000, Tblast=100, UPERPblast(x,y)=(0.75,0.75)
# BARYON_FUDGE=0.75
# ------- normalization=0.00636136 -----------------
#dely    BF
0.050 -0.022067 -0.000155
0.150 -0.021981 -0.000158
0.250 -0.021300 -0.000159
0.350 -0.014396 -0.000115
0.450 -0.009100 -0.000079
0.550 0.002811 0.000027
0.650 0.011780 0.000124
0.750 0.021123 0.000255
0.850 0.028915 0.000405
0.950 0.027103 0.000450
1.050 0.027246 0.000556
1.150 0.018958 0.000494
1.250 0.009525 0.000361
1.350 0.004018 0.000226
1.450 0.000943 0.000109
1.550 0.000038 0.000012
1.650 0.000000 0.000000
1.750 0.000000 0.000000
