# ICODE=321, JCODE=-321
# Normalized GAUSSIAN BF, SIGMA_GAUSS=0.3
# NSAMPLE=50000000, Tblast=100, UPERPblast(x,y)=(0.75,0.75)
# BARYON_FUDGE=0.75
# ------- normalization=0.0364963 -----------------
#dely    BF
0.050 0.031131 0.000071
0.150 0.036602 0.000085
0.250 0.043433 0.000105
0.350 0.049780 0.000128
0.450 0.054948 0.000150
0.550 0.049655 0.000146
0.650 0.044202 0.000141
0.750 0.032711 0.000115
0.850 0.021343 0.000084
0.950 0.010499 0.000047
1.050 0.002456 0.000013
1.150 -0.002059 -0.000013
1.250 -0.004136 -0.000033
1.350 -0.003378 -0.000035
1.450 -0.001776 -0.000027
1.550 -0.000443 -0.000011
1.650 -0.000007 -0.000000
1.750 0.000000 0.000000
