# ICODE=321, JCODE=-2212
# Normalized GAUSSIAN BF, SIGMA_GAUSS=0.3
# NSAMPLE=50000000, Tblast=100, UPERPblast(x,y)=(0.75,0.75)
# BARYON_FUDGE=0.75
# ------- normalization=0.0153836 -----------------
#dely    BF
0.050 -0.009535 -0.000037
0.150 -0.004334 -0.000017
0.250 0.007654 0.000032
0.350 0.014238 0.000063
0.450 0.018825 0.000090
0.550 0.024777 0.000130
0.650 0.025578 0.000149
0.750 0.024383 0.000158
0.850 0.019416 0.000143
0.950 0.013935 0.000120
1.050 0.009451 0.000097
1.150 0.005680 0.000073
1.250 0.002852 0.000048
1.350 0.000863 0.000021
1.450 0.000063 0.000002
1.550 -0.000007 -0.000001
1.650 0.000000 0.000000
1.750 0.000000 0.000000
