# ICODE=321, JCODE=-321
# Normalized GAUSSIAN BF, SIGMA_GAUSS=0.3
# NSAMPLE=50000000, Tblast=100, UPERPblast(x,y)=(0.75,0.75)
# BARYON_FUDGE=0.75
# ------- normalization=0.136479 -----------------
#dely    BF
0.050 0.347254 0.000788
0.150 0.314093 0.000732
0.250 0.263264 0.000639
0.350 0.202854 0.000520
0.450 0.141084 0.000384
0.550 0.092022 0.000270
0.650 0.047086 0.000150
0.750 0.015391 0.000054
0.850 -0.002382 -0.000009
0.950 -0.012679 -0.000057
1.050 -0.014709 -0.000077
1.150 -0.013127 -0.000082
1.250 -0.008733 -0.000069
1.350 -0.004537 -0.000048
1.450 -0.001698 -0.000026
1.550 -0.000376 -0.000010
1.650 -0.000013 -0.000001
1.750 0.000000 0.000000
