# ICODE=321, JCODE=-321
# Normalized GAUSSIAN BF, SIGMA_GAUSS=0.3
# NSAMPLE=50000000, Tblast=100, UPERPblast(x,y)=(0.75,0.75)
# BARYON_FUDGE=0.75
# ------- normalization=0.1231 -----------------
#dely    BF
0.050 0.078467 0.000178
0.150 0.087110 0.000203
0.250 0.101210 0.000246
0.350 0.116883 0.000299
0.450 0.132247 0.000360
0.550 0.132668 0.000390
0.650 0.133762 0.000427
0.750 0.121715 0.000429
0.850 0.105682 0.000415
0.950 0.085102 0.000382
1.050 0.060855 0.000318
1.150 0.039763 0.000250
1.250 0.021837 0.000173
1.350 0.010051 0.000105
1.450 0.003104 0.000047
1.550 0.000528 0.000014
1.650 0.000015 0.000001
1.750 0.000000 0.000000
